image: nthu_world_rounded.pgm
resolution: 0.333333333
origin: [-10.000000, -5.000000, 0.00000]
negate: 0
occupied_thresh: 0.65
free_thresh: 0.196

